{
 "cells": [
  {
   "cell_type": "markdown",
   "metadata": {},
   "source": [
    "# Report R codes to generate positive-definite matrix, that is the matrix satisfying the features of covariance matrix, i.e., symmetric and all eigenvalues being positive with two ways; \n",
    "\n",
    "# (i) by generating data matrix and making its covariance matirix, \n",
    "\n",
    "# (ii) by generating a diagonal matrix whose diagonal elements >0 and sandwich it with rotation matrix and its inverse."
   ]
  },
  {
   "cell_type": "code",
   "execution_count": 4,
   "metadata": {},
   "outputs": [],
   "source": [
    "posi_def_mat1 <- function(k,n){\n",
    "    data_mat <- matrix(rnorm(k*n), ncol=k)\n",
    "    cov(data_mat)\n",
    "}"
   ]
  },
  {
   "cell_type": "code",
   "execution_count": 5,
   "metadata": {},
   "outputs": [
    {
     "data": {
      "text/html": [
       "<table>\n",
       "<tbody>\n",
       "\t<tr><td>0.81970995</td><td>0.04460562</td></tr>\n",
       "\t<tr><td>0.04460562</td><td>0.91106726</td></tr>\n",
       "</tbody>\n",
       "</table>\n"
      ],
      "text/latex": [
       "\\begin{tabular}{ll}\n",
       "\t 0.81970995 & 0.04460562\\\\\n",
       "\t 0.04460562 & 0.91106726\\\\\n",
       "\\end{tabular}\n"
      ],
      "text/markdown": [
       "\n",
       "| 0.81970995 | 0.04460562 | \n",
       "| 0.04460562 | 0.91106726 | \n",
       "\n",
       "\n"
      ],
      "text/plain": [
       "     [,1]       [,2]      \n",
       "[1,] 0.81970995 0.04460562\n",
       "[2,] 0.04460562 0.91106726"
      ]
     },
     "metadata": {},
     "output_type": "display_data"
    },
    {
     "data": {
      "text/plain": [
       "eigen() decomposition\n",
       "$values\n",
       "[1] 0.9292337 0.8015435\n",
       "\n",
       "$vectors\n",
       "          [,1]       [,2]\n",
       "[1,] 0.3771868 -0.9261372\n",
       "[2,] 0.9261372  0.3771868\n"
      ]
     },
     "metadata": {},
     "output_type": "display_data"
    },
    {
     "data": {
      "text/html": [
       "<table>\n",
       "<tbody>\n",
       "\t<tr><td> 0.80500684</td><td>-0.1540392 </td><td> 0.02975865</td></tr>\n",
       "\t<tr><td>-0.15403922</td><td> 1.1258563 </td><td>-0.04463770</td></tr>\n",
       "\t<tr><td> 0.02975865</td><td>-0.0446377 </td><td> 1.10107652</td></tr>\n",
       "</tbody>\n",
       "</table>\n"
      ],
      "text/latex": [
       "\\begin{tabular}{lll}\n",
       "\t  0.80500684 & -0.1540392  &  0.02975865\\\\\n",
       "\t -0.15403922 &  1.1258563  & -0.04463770\\\\\n",
       "\t  0.02975865 & -0.0446377  &  1.10107652\\\\\n",
       "\\end{tabular}\n"
      ],
      "text/markdown": [
       "\n",
       "|  0.80500684 | -0.1540392  |  0.02975865 | \n",
       "| -0.15403922 |  1.1258563  | -0.04463770 | \n",
       "|  0.02975865 | -0.0446377  |  1.10107652 | \n",
       "\n",
       "\n"
      ],
      "text/plain": [
       "     [,1]        [,2]       [,3]       \n",
       "[1,]  0.80500684 -0.1540392  0.02975865\n",
       "[2,] -0.15403922  1.1258563 -0.04463770\n",
       "[3,]  0.02975865 -0.0446377  1.10107652"
      ]
     },
     "metadata": {},
     "output_type": "display_data"
    },
    {
     "data": {
      "text/plain": [
       "eigen() decomposition\n",
       "$values\n",
       "[1] 1.212622 1.076632 0.742686\n",
       "\n",
       "$vectors\n",
       "           [,1]       [,2]        [,3]\n",
       "[1,]  0.3467933  0.1318302  0.92863081\n",
       "[2,] -0.8352315 -0.4070729  0.36970259\n",
       "[3,]  0.4267584 -0.9038321 -0.03106144\n"
      ]
     },
     "metadata": {},
     "output_type": "display_data"
    },
    {
     "data": {
      "text/html": [
       "<table>\n",
       "<tbody>\n",
       "\t<tr><td> 1.16903898</td><td>-0.19342196</td><td> 0.34954546</td><td>-0.19841334</td><td>-0.03003484</td></tr>\n",
       "\t<tr><td>-0.19342196</td><td> 1.05163006</td><td>-0.12555377</td><td> 0.09955105</td><td> 0.07941408</td></tr>\n",
       "\t<tr><td> 0.34954546</td><td>-0.12555377</td><td> 1.07458290</td><td>-0.01709694</td><td>-0.04901374</td></tr>\n",
       "\t<tr><td>-0.19841334</td><td> 0.09955105</td><td>-0.01709694</td><td> 0.95203281</td><td>-0.15874100</td></tr>\n",
       "\t<tr><td>-0.03003484</td><td> 0.07941408</td><td>-0.04901374</td><td>-0.15874100</td><td> 1.11857798</td></tr>\n",
       "</tbody>\n",
       "</table>\n"
      ],
      "text/latex": [
       "\\begin{tabular}{lllll}\n",
       "\t  1.16903898 & -0.19342196 &  0.34954546 & -0.19841334 & -0.03003484\\\\\n",
       "\t -0.19342196 &  1.05163006 & -0.12555377 &  0.09955105 &  0.07941408\\\\\n",
       "\t  0.34954546 & -0.12555377 &  1.07458290 & -0.01709694 & -0.04901374\\\\\n",
       "\t -0.19841334 &  0.09955105 & -0.01709694 &  0.95203281 & -0.15874100\\\\\n",
       "\t -0.03003484 &  0.07941408 & -0.04901374 & -0.15874100 &  1.11857798\\\\\n",
       "\\end{tabular}\n"
      ],
      "text/markdown": [
       "\n",
       "|  1.16903898 | -0.19342196 |  0.34954546 | -0.19841334 | -0.03003484 | \n",
       "| -0.19342196 |  1.05163006 | -0.12555377 |  0.09955105 |  0.07941408 | \n",
       "|  0.34954546 | -0.12555377 |  1.07458290 | -0.01709694 | -0.04901374 | \n",
       "| -0.19841334 |  0.09955105 | -0.01709694 |  0.95203281 | -0.15874100 | \n",
       "| -0.03003484 |  0.07941408 | -0.04901374 | -0.15874100 |  1.11857798 | \n",
       "\n",
       "\n"
      ],
      "text/plain": [
       "     [,1]        [,2]        [,3]        [,4]        [,5]       \n",
       "[1,]  1.16903898 -0.19342196  0.34954546 -0.19841334 -0.03003484\n",
       "[2,] -0.19342196  1.05163006 -0.12555377  0.09955105  0.07941408\n",
       "[3,]  0.34954546 -0.12555377  1.07458290 -0.01709694 -0.04901374\n",
       "[4,] -0.19841334  0.09955105 -0.01709694  0.95203281 -0.15874100\n",
       "[5,] -0.03003484  0.07941408 -0.04901374 -0.15874100  1.11857798"
      ]
     },
     "metadata": {},
     "output_type": "display_data"
    },
    {
     "data": {
      "text/plain": [
       "eigen() decomposition\n",
       "$values\n",
       "[1] 1.6311819 1.2269858 0.9800838 0.8371368 0.6904744\n",
       "\n",
       "$vectors\n",
       "            [,1]        [,2]       [,3]       [,4]        [,5]\n",
       "[1,]  0.69064535 -0.07700008 -0.1677795  0.3553741 -0.60219539\n",
       "[2,] -0.40155202 -0.11287285 -0.7574221  0.4988104  0.05929205\n",
       "[3,]  0.53876923  0.13328850 -0.5226038 -0.3909749  0.51573813\n",
       "[4,] -0.25673848  0.49559888 -0.3189810 -0.5110731 -0.57054582\n",
       "[5,] -0.07468628 -0.84731732 -0.1526373 -0.4591736 -0.20575913\n"
      ]
     },
     "metadata": {},
     "output_type": "display_data"
    }
   ],
   "source": [
    "M <- posi_def_mat1(2,100)\n",
    "M\n",
    "eigen(M)\n",
    "M <- posi_def_mat1(3,100)\n",
    "M\n",
    "eigen(M)\n",
    "M <- posi_def_mat1(5,100)\n",
    "M\n",
    "eigen(M)"
   ]
  },
  {
   "cell_type": "code",
   "execution_count": 2,
   "metadata": {},
   "outputs": [],
   "source": [
    "library(GPArotation)\n",
    "posi_def_mat2 <- function(n){\n",
    "    val <- matrix(rnorm(n))\n",
    "    eig <- val * val\n",
    "    diag <- matrix(0,n,n)\n",
    "    for(i in 1:n){\n",
    "        diag[i,i] <- eig[i]\n",
    "    }\n",
    "    ortho <- Random.Start(n)\n",
    "    M <- ortho %*% diag %*% t(ortho)\n",
    "    M\n",
    "}"
   ]
  },
  {
   "cell_type": "code",
   "execution_count": 3,
   "metadata": {},
   "outputs": [
    {
     "data": {
      "text/html": [
       "<table>\n",
       "<tbody>\n",
       "\t<tr><td> 1.27316302 </td><td>-0.047041373</td></tr>\n",
       "\t<tr><td>-0.04704137 </td><td> 0.001738106</td></tr>\n",
       "</tbody>\n",
       "</table>\n"
      ],
      "text/latex": [
       "\\begin{tabular}{ll}\n",
       "\t  1.27316302  & -0.047041373\\\\\n",
       "\t -0.04704137  &  0.001738106\\\\\n",
       "\\end{tabular}\n"
      ],
      "text/markdown": [
       "\n",
       "|  1.27316302  | -0.047041373 | \n",
       "| -0.04704137  |  0.001738106 | \n",
       "\n",
       "\n"
      ],
      "text/plain": [
       "     [,1]        [,2]        \n",
       "[1,]  1.27316302 -0.047041373\n",
       "[2,] -0.04704137  0.001738106"
      ]
     },
     "metadata": {},
     "output_type": "display_data"
    },
    {
     "data": {
      "text/plain": [
       "eigen() decomposition\n",
       "$values\n",
       "[1] 1.274901e+00 9.901104e-10\n",
       "\n",
       "$vectors\n",
       "            [,1]        [,2]\n",
       "[1,] -0.99931810 -0.03692323\n",
       "[2,]  0.03692323 -0.99931810\n"
      ]
     },
     "metadata": {},
     "output_type": "display_data"
    },
    {
     "data": {
      "text/html": [
       "<table>\n",
       "<tbody>\n",
       "\t<tr><td> 1.9675207</td><td> 0.1436028</td><td>-0.2977541</td></tr>\n",
       "\t<tr><td> 0.1436028</td><td> 0.5838783</td><td>-0.2378904</td></tr>\n",
       "\t<tr><td>-0.2977541</td><td>-0.2378904</td><td> 0.2128719</td></tr>\n",
       "</tbody>\n",
       "</table>\n"
      ],
      "text/latex": [
       "\\begin{tabular}{lll}\n",
       "\t  1.9675207 &  0.1436028 & -0.2977541\\\\\n",
       "\t  0.1436028 &  0.5838783 & -0.2378904\\\\\n",
       "\t -0.2977541 & -0.2378904 &  0.2128719\\\\\n",
       "\\end{tabular}\n"
      ],
      "text/markdown": [
       "\n",
       "|  1.9675207 |  0.1436028 | -0.2977541 | \n",
       "|  0.1436028 |  0.5838783 | -0.2378904 | \n",
       "| -0.2977541 | -0.2378904 |  0.2128719 | \n",
       "\n",
       "\n"
      ],
      "text/plain": [
       "     [,1]       [,2]       [,3]      \n",
       "[1,]  1.9675207  0.1436028 -0.2977541\n",
       "[2,]  0.1436028  0.5838783 -0.2378904\n",
       "[3,] -0.2977541 -0.2378904  0.2128719"
      ]
     },
     "metadata": {},
     "output_type": "display_data"
    },
    {
     "data": {
      "text/plain": [
       "eigen() decomposition\n",
       "$values\n",
       "[1] 2.03940938 0.65157201 0.07328947\n",
       "\n",
       "$vectors\n",
       "           [,1]       [,2]      [,3]\n",
       "[1,]  0.9765142 -0.1830599 0.1136186\n",
       "[2,]  0.1250216  0.9109324 0.3931562\n",
       "[3,] -0.1754700 -0.3697178 0.9124248\n"
      ]
     },
     "metadata": {},
     "output_type": "display_data"
    },
    {
     "data": {
      "text/html": [
       "<table>\n",
       "<tbody>\n",
       "\t<tr><td>0.10845743 </td><td> 0.02784694</td><td> 0.1190293 </td><td> 0.03241114</td><td> 0.01096882</td></tr>\n",
       "\t<tr><td>0.02784694 </td><td> 0.22675232</td><td>-0.3696057 </td><td>-0.32426709</td><td> 0.01912933</td></tr>\n",
       "\t<tr><td>0.11902929 </td><td>-0.36960573</td><td> 0.9088064 </td><td> 0.66152948</td><td>-0.01590700</td></tr>\n",
       "\t<tr><td>0.03241114 </td><td>-0.32426709</td><td> 0.6615295 </td><td> 0.53880067</td><td>-0.02579338</td></tr>\n",
       "\t<tr><td>0.01096882 </td><td> 0.01912933</td><td>-0.0159070 </td><td>-0.02579338</td><td> 0.01211869</td></tr>\n",
       "</tbody>\n",
       "</table>\n"
      ],
      "text/latex": [
       "\\begin{tabular}{lllll}\n",
       "\t 0.10845743  &  0.02784694 &  0.1190293  &  0.03241114 &  0.01096882\\\\\n",
       "\t 0.02784694  &  0.22675232 & -0.3696057  & -0.32426709 &  0.01912933\\\\\n",
       "\t 0.11902929  & -0.36960573 &  0.9088064  &  0.66152948 & -0.01590700\\\\\n",
       "\t 0.03241114  & -0.32426709 &  0.6615295  &  0.53880067 & -0.02579338\\\\\n",
       "\t 0.01096882  &  0.01912933 & -0.0159070  & -0.02579338 &  0.01211869\\\\\n",
       "\\end{tabular}\n"
      ],
      "text/markdown": [
       "\n",
       "| 0.10845743  |  0.02784694 |  0.1190293  |  0.03241114 |  0.01096882 | \n",
       "| 0.02784694  |  0.22675232 | -0.3696057  | -0.32426709 |  0.01912933 | \n",
       "| 0.11902929  | -0.36960573 |  0.9088064  |  0.66152948 | -0.01590700 | \n",
       "| 0.03241114  | -0.32426709 |  0.6615295  |  0.53880067 | -0.02579338 | \n",
       "| 0.01096882  |  0.01912933 | -0.0159070  | -0.02579338 |  0.01211869 | \n",
       "\n",
       "\n"
      ],
      "text/plain": [
       "     [,1]       [,2]        [,3]       [,4]        [,5]       \n",
       "[1,] 0.10845743  0.02784694  0.1190293  0.03241114  0.01096882\n",
       "[2,] 0.02784694  0.22675232 -0.3696057 -0.32426709  0.01912933\n",
       "[3,] 0.11902929 -0.36960573  0.9088064  0.66152948 -0.01590700\n",
       "[4,] 0.03241114 -0.32426709  0.6615295  0.53880067 -0.02579338\n",
       "[5,] 0.01096882  0.01912933 -0.0159070 -0.02579338  0.01211869"
      ]
     },
     "metadata": {},
     "output_type": "display_data"
    },
    {
     "data": {
      "text/plain": [
       "eigen() decomposition\n",
       "$values\n",
       "[1] 1.594696869 0.172489680 0.014863353 0.007340660 0.005544986\n",
       "\n",
       "$vectors\n",
       "            [,1]       [,2]       [,3]       [,4]       [,5]\n",
       "[1,] -0.06569413  0.7528076 -0.3563117  0.3807255 -0.3963017\n",
       "[2,]  0.33588484  0.4981513 -0.1666652 -0.3613328  0.6933166\n",
       "[3,] -0.74489294  0.3417918  0.4321070 -0.3755624  0.0234357\n",
       "[4,] -0.57234883 -0.2348012 -0.5997807  0.2586746  0.4366185\n",
       "[5,]  0.02042015  0.1147723  0.5466364  0.7186981  0.4136085\n"
      ]
     },
     "metadata": {},
     "output_type": "display_data"
    }
   ],
   "source": [
    "M <- posi_def_mat2(2)\n",
    "M\n",
    "eigen(M)\n",
    "M <- posi_def_mat2(3)\n",
    "M\n",
    "eigen(M)\n",
    "M <- posi_def_mat2(5)\n",
    "M\n",
    "eigen(M)"
   ]
  },
  {
   "cell_type": "code",
   "execution_count": null,
   "metadata": {},
   "outputs": [],
   "source": []
  }
 ],
 "metadata": {
  "kernelspec": {
   "display_name": "R",
   "language": "R",
   "name": "ir"
  },
  "language_info": {
   "codemirror_mode": "r",
   "file_extension": ".r",
   "mimetype": "text/x-r-source",
   "name": "R",
   "pygments_lexer": "r",
   "version": "3.4.3"
  }
 },
 "nbformat": 4,
 "nbformat_minor": 2
}
